       5.0    4.0490    1.7600    1.0750    0.8922    0.9944    1.0469
       6.0    3.7815    1.6889    1.0622    0.9591    1.0172    1.0543
       7.0    3.5181    1.6189    1.0497    0.9948    1.0246    1.0517
       8.0    3.2526    1.5483    1.0370    1.0132    1.0251    1.0456
       9.0    2.9790    1.4756    1.0236    1.0220    1.0224    1.0387
      10.0    2.6910    1.3990    1.0090    1.0253    1.0184    1.0320
      11.0    2.3864    1.3180    0.9929    1.0258    1.0141    1.0259
      12.0    2.0797    1.2364    0.9767    1.0245    1.0098    1.0203
      13.0    1.7893    1.1592    0.9619    1.0219    1.0056    1.0153
      14.0    1.5341    1.0914    0.9501    1.0185    1.0015    1.0108
      15.0    1.3330    1.0380    0.9430    1.0149    0.9977    1.0068
      16.0    1.1996    1.0027    0.9418    1.0114    0.9943    1.0033
      17.0    1.1234    0.9828    0.9454    1.0081    0.9912    1.0001
      18.0    1.0884    0.9741    0.9524    1.0050    0.9885    0.9973
      19.0    1.0791    0.9725    0.9614    1.0021    0.9860    0.9948
      20.0    1.0800    0.9740    0.9710    0.9993    0.9837    0.9926
      21.0    1.0787    0.9753    0.9800    0.9967    0.9816    0.9906
      22.0    1.0732    0.9760    0.9882    0.9942    0.9797    0.9887
      23.0    1.0646    0.9761    0.9957    0.9918    0.9779    0.9870
      24.0    1.0534    0.9758    1.0027    0.9896    0.9763    0.9854
      25.0    1.0406    0.9753    1.0092    0.9875    0.9748    0.9840
      26.0    1.0268    0.9747    1.0152    0.9856    0.9734    0.9827
      27.0    1.0128    0.9741    1.0210    0.9837    0.9721    0.9815
      28.0    0.9993    0.9737    1.0265    0.9821    0.9709    0.9803
      29.0    0.9871    0.9736    1.0318    0.9805    0.9697    0.9793
      30.0    0.9770    0.9740    1.0370    0.9790    0.9687    0.9783
      31.0    0.9695    0.9750    1.0421    0.9776    0.9678    0.9774
      32.0    0.9644    0.9765    1.0472    0.9763    0.9669    0.9766
      33.0    0.9614    0.9784    1.0522    0.9751    0.9661    0.9758
      34.0    0.9600    0.9806    1.0570    0.9739    0.9653    0.9750
      35.0    0.9601    0.9832    1.0618    0.9728    0.9645    0.9743
      36.0    0.9612    0.9859    1.0664    0.9717    0.9637    0.9736
      37.0    0.9630    0.9887    1.0708    0.9706    0.9630    0.9729
      38.0    0.9653    0.9915    1.0751    0.9696    0.9623    0.9723
      39.0    0.9677    0.9943    1.0792    0.9688    0.9618    0.9718
      40.0    0.9700    0.9970    1.0830    0.9681    0.9613    0.9714
      41.0    0.9719    0.9995    1.0866    0.9677    0.9610    0.9711
      42.0    0.9734    1.0018    1.0899    0.9674    0.9608    0.9710
      43.0    0.9747    1.0039    1.0931    0.9673    0.9607    0.9709
      44.0    0.9756    1.0059    1.0962    0.9673    0.9607    0.9709
      45.0    0.9764    1.0079    1.0991    0.9674    0.9608    0.9710
      46.0    0.9770    1.0097    1.1019    0.9675    0.9609    0.9710
      47.0    0.9775    1.0116    1.1047    0.9677    0.9610    0.9711
      48.0    0.9780    1.0134    1.1074    0.9679    0.9611    0.9712
      49.0    0.9785    1.0152    1.1102    0.9680    0.9612    0.9713
      50.0    0.9790    1.0170    1.1130    0.9681    0.9613    0.9714
      51.0    0.9796    1.0189    1.1159    0.9681    0.9613    0.9714
      52.0    0.9804    1.0208    1.1188    0.9681    0.9613    0.9714
      53.0    0.9812    1.0228    1.1217    0.9680    0.9612    0.9713
      54.0    0.9821    1.0248    1.1247    0.9679    0.9612    0.9713
      55.0    0.9831    1.0268    1.1277    0.9677    0.9610    0.9712
      56.0    0.9841    1.0288    1.1306    0.9676    0.9609    0.9711
      57.0    0.9852    1.0307    1.1336    0.9674    0.9608    0.9709
      58.0    0.9863    1.0327    1.1364    0.9671    0.9606    0.9708
      59.0    0.9875    1.0346    1.1392    0.9669    0.9605    0.9707
      60.0    0.9887    1.0365    1.1420    0.9667    0.9603    0.9705
