5.0 5.213787E-10 5.449265E-03 3.340473E-01 8.831754E-01 9.868281E-01 1.049553E+00
6.0 7.160180E-08 3.217137E-02 5.334421E-01 9.529357E-01 1.014317E+00 1.060842E+00
7.0 2.221615E-06 9.055554E-02 7.014482E-01 9.910420E-01 1.025264E+00 1.060741E+00
8.0 2.729978E-05 1.739671E-01 8.278818E-01 1.011425E+00 1.028353E+00 1.056373E+00
9.0 1.813352E-04 2.700754E-01 9.169253E-01 1.021732E+00 1.027665E+00 1.050639E+00
10.0 7.845491E-04 3.684707E-01 9.768455E-01 1.026222E+00 1.025203E+00 1.044738E+00
11.0 2.489921E-03 4.623542E-01 1.015554E+00 1.027325E+00 1.021979E+00 1.039147E+00
12.0 6.276551E-03 5.480371E-01 1.039325E+00 1.026460E+00 1.018510E+00 1.034033E+00
13.0 1.328217E-02 6.239967E-01 1.052770E+00 1.024473E+00 1.015060E+00 1.029431E+00
14.0 2.455220E-02 6.900446E-01 1.059154E+00 1.021878E+00 1.011758E+00 1.025314E+00
15.0 4.082085E-02 7.467296E-01 1.060757E+00 1.018986E+00 1.008664E+00 1.021639E+00
16.0 6.239675E-02 7.949506E-01 1.059159E+00 1.015988E+00 1.005796E+00 1.018355E+00
17.0 8.916085E-02 8.357251E-01 1.055454E+00 1.012999E+00 1.003154E+00 1.015415E+00
18.0 1.206429E-01 8.700601E-01 1.050398E+00 1.010087E+00 1.000727E+00 1.012774E+00
19.0 1.561326E-01 8.988877E-01 1.044514E+00 1.007292E+00 9.985012E-01 1.010394E+00
20.0 1.947924E-01 9.230375E-01 1.038166E+00 1.004634E+00 9.964589E-01 1.008242E+00
21.0 2.357506E-01 9.432309E-01 1.031602E+00 1.002120E+00 9.945834E-01 1.006289E+00
22.0 2.781706E-01 9.600858E-01 1.024994E+00 9.997525E-01 9.928587E-01 1.004511E+00
23.0 3.212937E-01 9.741265E-01 1.018456E+00 9.975278E-01 9.912701E-01 1.002886E+00
24.0 3.644631E-01 9.857953E-01 1.012066E+00 9.954400E-01 9.898040E-01 1.001397E+00
25.0 4.071317E-01 9.954644E-01 1.005872E+00 9.934820E-01 9.884485E-01 1.000028E+00
26.0 4.488605E-01 1.003446E+00 9.999058E-01 9.916457E-01 9.871926E-01 9.987661E-01
27.0 4.893101E-01 1.010002E+00 9.941825E-01 9.899232E-01 9.860266E-01 9.975994E-01
28.0 5.282294E-01 1.015353E+00 9.887096E-01 9.883065E-01 9.849421E-01 9.965179E-01
29.0 5.654432E-01 1.019683E+00 9.834876E-01 9.867878E-01 9.839313E-01 9.955130E-01
30.0 6.008395E-01 1.023149E+00 9.785125E-01 9.853601E-01 9.829875E-01 9.945771E-01
31.0 6.343579E-01 1.025881E+00 9.737774E-01 9.840166E-01 9.821046E-01 9.937035E-01
32.0 6.659790E-01 1.027991E+00 9.692735E-01 9.827510E-01 9.812772E-01 9.928864E-01
33.0 6.957156E-01 1.029572E+00 9.649909E-01 9.815575E-01 9.805005E-01 9.921205E-01
34.0 7.236048E-01 1.030704E+00 9.609189E-01 9.804308E-01 9.797702E-01 9.914015E-01
35.0 7.497015E-01 1.031454E+00 9.570469E-01 9.793659E-01 9.790825E-01 9.907250E-01
36.0 7.740736E-01 1.031880E+00 9.533642E-01 9.783584E-01 9.784338E-01 9.900877E-01
37.0 7.967975E-01 1.032031E+00 9.498602E-01 9.774041E-01 9.778211E-01 9.894862E-01
38.0 8.179549E-01 1.031949E+00 9.465248E-01 9.764992E-01 9.772416E-01 9.889177E-01
39.0 8.376301E-01 1.031670E+00 9.433483E-01 9.756403E-01 9.766927E-01 9.883795E-01
40.0 8.559082E-01 1.031224E+00 9.403215E-01 9.748242E-01 9.761721E-01 9.878694E-01
41.0 8.728733E-01 1.030638E+00 9.374356E-01 9.740479E-01 9.756779E-01 9.873852E-01
42.0 8.886077E-01 1.029935E+00 9.346823E-01 9.733088E-01 9.752080E-01 9.869251E-01
43.0 9.031909E-01 1.029133E+00 9.320540E-01 9.726045E-01 9.747608E-01 9.864873E-01
44.0 9.166991E-01 1.028250E+00 9.295432E-01 9.719326E-01 9.743347E-01 9.860703E-01
45.0 9.292050E-01 1.027299E+00 9.271431E-01 9.712911E-01 9.739283E-01 9.856726E-01
46.0 9.407774E-01 1.026294E+00 9.248474E-01 9.706780E-01 9.735404E-01 9.852930E-01
47.0 9.514811E-01 1.025245E+00 9.226501E-01 9.700917E-01 9.731696E-01 9.849302E-01
48.0 9.613772E-01 1.024161E+00 9.205455E-01 9.695304E-01 9.728149E-01 9.845831E-01
49.0 9.705228E-01 1.023050E+00 9.185285E-01 9.689927E-01 9.724754E-01 9.842509E-01
50.0 9.789712E-01 1.021920E+00 9.165941E-01 9.684771E-01 9.721500E-01 9.839325E-01
51.0 9.867724E-01 1.020775E+00 9.147377E-01 9.679824E-01 9.718380E-01 9.836272E-01
52.0 9.939728E-01 1.019621E+00 9.129552E-01 9.675074E-01 9.715385E-01 9.833341E-01
53.0 1.000615E+00 1.018462E+00 9.112424E-01 9.670510E-01 9.712508E-01 9.830525E-01
54.0 1.006740E+00 1.017302E+00 9.095957E-01 9.666121E-01 9.709742E-01 9.827818E-01
55.0 1.012385E+00 1.016145E+00 9.080116E-01 9.661898E-01 9.707082E-01 9.825213E-01
56.0 1.017584E+00 1.014992E+00 9.064868E-01 9.657831E-01 9.704521E-01 9.822706E-01
57.0 1.022369E+00 1.013846E+00 9.050182E-01 9.653913E-01 9.702054E-01 9.820290E-01
58.0 1.026770E+00 1.012710E+00 9.036030E-01 9.650136E-01 9.699676E-01 9.817961E-01
59.0 1.030815E+00 1.011584E+00 9.022385E-01 9.646493E-01 9.697382E-01 9.815714E-01
60.0 1.034528E+00 1.010471E+00 9.009221E-01 9.642976E-01 9.695168E-01 9.813545E-01
61.0 1.037934E+00 1.009371E+00 8.996515E-01 9.639580E-01 9.693031E-01 9.811451E-01
62.0 1.041054E+00 1.008285E+00 8.984245E-01 9.636298E-01 9.690965E-01 9.809426E-01
63.0 1.043909E+00 1.007214E+00 8.972390E-01 9.633125E-01 9.688968E-01 9.807468E-01
64.0 1.046517E+00 1.006159E+00 8.960929E-01 9.630056E-01 9.687037E-01 9.805574E-01
65.0 1.048896E+00 1.005119E+00 8.949845E-01 9.627086E-01 9.685167E-01 9.803741E-01
66.0 1.051062E+00 1.004097E+00 8.939120E-01 9.624210E-01 9.683357E-01 9.801965E-01
67.0 1.053030E+00 1.003091E+00 8.928738E-01 9.621424E-01 9.681603E-01 9.800245E-01
68.0 1.054813E+00 1.002102E+00 8.918684E-01 9.618723E-01 9.679904E-01 9.798577E-01
69.0 1.056426E+00 1.001130E+00 8.908942E-01 9.616105E-01 9.678255E-01 9.796959E-01
70.0 1.057878E+00 1.000175E+00 8.899499E-01 9.613566E-01 9.676656E-01 9.795389E-01
71.0 1.059183E+00 9.992375E-01 8.890341E-01 9.611101E-01 9.675104E-01 9.793865E-01
72.0 1.060349E+00 9.983168E-01 8.881458E-01 9.608708E-01 9.673598E-01 9.792385E-01
73.0 1.061387E+00 9.974130E-01 8.872836E-01 9.606384E-01 9.672134E-01 9.790947E-01
74.0 1.062305E+00 9.965260E-01 8.864466E-01 9.604126E-01 9.670712E-01 9.789549E-01
75.0 1.063112E+00 9.956555E-01 8.856335E-01 9.601931E-01 9.669329E-01 9.788190E-01
76.0 1.063815E+00 9.948015E-01 8.848436E-01 9.599797E-01 9.667984E-01 9.786869E-01
77.0 1.064421E+00 9.939637E-01 8.840758E-01 9.597721E-01 9.666676E-01 9.785582E-01
78.0 1.064937E+00 9.931418E-01 8.833293E-01 9.595701E-01 9.665403E-01 9.784330E-01
79.0 1.065370E+00 9.923357E-01 8.826031E-01 9.593734E-01 9.664163E-01 9.783111E-01
80.0 1.065725E+00 9.915450E-01 8.818966E-01 9.591820E-01 9.662956E-01 9.781923E-01
81.0 1.066006E+00 9.907696E-01 8.812089E-01 9.589954E-01 9.661780E-01 9.780766E-01
82.0 1.066221E+00 9.900090E-01 8.805394E-01 9.588137E-01 9.660634E-01 9.779637E-01
83.0 1.066372E+00 9.892631E-01 8.798873E-01 9.586366E-01 9.659516E-01 9.778537E-01
84.0 1.066465E+00 9.885316E-01 8.792519E-01 9.584638E-01 9.658427E-01 9.777464E-01
85.0 1.066503E+00 9.878141E-01 8.786328E-01 9.582954E-01 9.657364E-01 9.776417E-01
86.0 1.066490E+00 9.871105E-01 8.780292E-01 9.581310E-01 9.656326E-01 9.775396E-01
87.0 1.066430E+00 9.864203E-01 8.774406E-01 9.579707E-01 9.655314E-01 9.774398E-01
88.0 1.066326E+00 9.857434E-01 8.768665E-01 9.578141E-01 9.654326E-01 9.773424E-01
89.0 1.066181E+00 9.850795E-01 8.763064E-01 9.576613E-01 9.653361E-01 9.772473E-01
90.0 1.065998E+00 9.844282E-01 8.757597E-01 9.575120E-01 9.652418E-01 9.771544E-01
91.0 1.065780E+00 9.837893E-01 8.752260E-01 9.573661E-01 9.651496E-01 9.770635E-01
92.0 1.065529E+00 9.831625E-01 8.747049E-01 9.572236E-01 9.650596E-01 9.769747E-01
93.0 1.065248E+00 9.825475E-01 8.741959E-01 9.570843E-01 9.649716E-01 9.768879E-01
94.0 1.064938E+00 9.819441E-01 8.736986E-01 9.569481E-01 9.648855E-01 9.768029E-01
95.0 1.064602E+00 9.813521E-01 8.732126E-01 9.568149E-01 9.648013E-01 9.767199E-01
96.0 1.064242E+00 9.807711E-01 8.727376E-01 9.566846E-01 9.647189E-01 9.766386E-01
97.0 1.063860E+00 9.802009E-01 8.722732E-01 9.565572E-01 9.646383E-01 9.765590E-01
98.0 1.063457E+00 9.796412E-01 8.718191E-01 9.564324E-01 9.645594E-01 9.764811E-01
99.0 1.063035E+00 9.790919E-01 8.713749E-01 9.563103E-01 9.644822E-01 9.764048E-01
100.0 1.062595E+00 9.785527E-01 8.709402E-01 9.561908E-01 9.644066E-01 9.763301E-01
101.0 1.062138E+00 9.780233E-01 8.705149E-01 9.560737E-01 9.643325E-01 9.762570E-01
102.0 1.061667E+00 9.775035E-01 8.700986E-01 9.559591E-01 9.642599E-01 9.761853E-01
103.0 1.061182E+00 9.769931E-01 8.696911E-01 9.558468E-01 9.641888E-01 9.761150E-01
104.0 1.060685E+00 9.764919E-01 8.692920E-01 9.557367E-01 9.641191E-01 9.760461E-01
105.0 1.060176E+00 9.759997E-01 8.689011E-01 9.556289E-01 9.640508E-01 9.759786E-01
106.0 1.059656E+00 9.755162E-01 8.685182E-01 9.555231E-01 9.639839E-01 9.759124E-01
107.0 1.059127E+00 9.750413E-01 8.681430E-01 9.554195E-01 9.639182E-01 9.758475E-01
108.0 1.058589E+00 9.745748E-01 8.677754E-01 9.553178E-01 9.638538E-01 9.757838E-01
109.0 1.058044E+00 9.741164E-01 8.674150E-01 9.552181E-01 9.637906E-01 9.757213E-01
110.0 1.057491E+00 9.736660E-01 8.670617E-01 9.551203E-01 9.637286E-01 9.756599E-01
111.0 1.056932E+00 9.732234E-01 8.667152E-01 9.550243E-01 9.636678E-01 9.755998E-01
112.0 1.056368E+00 9.727884E-01 8.663755E-01 9.549302E-01 9.636081E-01 9.755407E-01
113.0 1.055798E+00 9.723608E-01 8.660422E-01 9.548378E-01 9.635495E-01 9.754827E-01
114.0 1.055224E+00 9.719405E-01 8.657153E-01 9.547470E-01 9.634919E-01 9.754257E-01
115.0 1.054646E+00 9.715274E-01 8.653945E-01 9.546579E-01 9.634354E-01 9.753698E-01
116.0 1.054065E+00 9.711212E-01 8.650796E-01 9.545705E-01 9.633799E-01 9.753148E-01
117.0 1.053481E+00 9.707217E-01 8.647705E-01 9.544846E-01 9.633254E-01 9.752608E-01
118.0 1.052895E+00 9.703289E-01 8.644671E-01 9.544002E-01 9.632718E-01 9.752078E-01
119.0 1.052306E+00 9.699426E-01 8.641692E-01 9.543173E-01 9.632192E-01 9.751556E-01
120.0 1.051717E+00 9.695627E-01 8.638767E-01 9.542358E-01 9.631675E-01 9.751044E-01
121.0 1.051126E+00 9.691889E-01 8.635893E-01 9.541557E-01 9.631167E-01 9.750540E-01
122.0 1.050534E+00 9.688213E-01 8.633070E-01 9.540770E-01 9.630667E-01 9.750045E-01
123.0 1.049942E+00 9.684595E-01 8.630297E-01 9.539997E-01 9.630176E-01 9.749558E-01
124.0 1.049350E+00 9.681036E-01 8.627572E-01 9.539236E-01 9.629692E-01 9.749079E-01
125.0 1.048758E+00 9.677533E-01 8.624894E-01 9.538489E-01 9.629217E-01 9.748608E-01
126.0 1.048167E+00 9.674086E-01 8.622261E-01 9.537753E-01 9.628750E-01 9.748144E-01
127.0 1.047576E+00 9.670693E-01 8.619673E-01 9.537030E-01 9.628290E-01 9.747688E-01
128.0 1.046986E+00 9.667353E-01 8.617129E-01 9.536318E-01 9.627838E-01 9.747240E-01
129.0 1.046398E+00 9.664065E-01 8.614627E-01 9.535618E-01 9.627393E-01 9.746798E-01
130.0 1.045811E+00 9.660828E-01 8.612166E-01 9.534930E-01 9.626955E-01 9.746364E-01
131.0 1.045225E+00 9.657641E-01 8.609746E-01 9.534252E-01 9.626524E-01 9.745936E-01
132.0 1.044642E+00 9.654503E-01 8.607365E-01 9.533585E-01 9.626099E-01 9.745515E-01
133.0 1.044060E+00 9.651412E-01 8.605023E-01 9.532928E-01 9.625682E-01 9.745100E-01
134.0 1.043480E+00 9.648368E-01 8.602718E-01 9.532281E-01 9.625270E-01 9.744692E-01
135.0 1.042903E+00 9.645369E-01 8.600450E-01 9.531645E-01 9.624865E-01 9.744290E-01
136.0 1.042328E+00 9.642416E-01 8.598217E-01 9.531018E-01 9.624466E-01 9.743894E-01
137.0 1.041755E+00 9.639506E-01 8.596020E-01 9.530401E-01 9.624074E-01 9.743504E-01
138.0 1.041185E+00 9.636639E-01 8.593857E-01 9.529793E-01 9.623687E-01 9.743120E-01
139.0 1.040618E+00 9.633814E-01 8.591727E-01 9.529194E-01 9.623305E-01 9.742741E-01
140.0 1.040054E+00 9.631031E-01 8.589630E-01 9.528604E-01 9.622930E-01 9.742368E-01
141.0 1.039493E+00 9.628287E-01 8.587564E-01 9.528023E-01 9.622560E-01 9.742000E-01
142.0 1.038934E+00 9.625584E-01 8.585530E-01 9.527450E-01 9.622195E-01 9.741638E-01
143.0 1.038379E+00 9.622919E-01 8.583527E-01 9.526886E-01 9.621835E-01 9.741281E-01
144.0 1.037827E+00 9.620291E-01 8.581553E-01 9.526330E-01 9.621481E-01 9.740929E-01
145.0 1.037278E+00 9.617701E-01 8.579608E-01 9.525782E-01 9.621132E-01 9.740582E-01
146.0 1.036733E+00 9.615148E-01 8.577692E-01 9.525241E-01 9.620787E-01 9.740239E-01
147.0 1.036191E+00 9.612630E-01 8.575804E-01 9.524709E-01 9.620448E-01 9.739902E-01
148.0 1.035652E+00 9.610147E-01 8.573943E-01 9.524183E-01 9.620113E-01 9.739569E-01
149.0 1.035117E+00 9.607699E-01 8.572109E-01 9.523665E-01 9.619783E-01 9.739241E-01
150.0 1.034585E+00 9.605284E-01 8.570301E-01 9.523155E-01 9.619457E-01 9.738917E-01
